829
71, 48, 21, 100, 1, 19
113, 35, 3, 39, 15
13, 28, 3, 3, 41
430, 70, 14, 116, 17
51, 76, 35, 239, 124, 4, 25
1, 1, 15, 36, 244, 27, 49, 635, 1354
4, 51, 124, 239, 25, 35, 76
51, 25, 76, 239, 4, 124, 35
1617, 16, 52, 12, 139, 451, 1217, 5810
171, 16, 16, 8, 71, 404, 149, 403
145, 59, 426, 6, 305, 1992, 1551, 14
13, 1, 68, 2, 35
430, 116, 70, 17, 14
116, 14, 70, 17, 430
171, 403, 149, 404, 71, 8, 16, 16
4, 35, 25, 239, 124, 51, 76
216, 185, 59, 25, 370, 19, 55
103, 35, 5, 65, 19
250, 129, 50, 34, 6, 20
11, 82, 16, 90, 19, 205, 49
150, 25, 151, 17, 3, 5, 108
49, 11, 90, 205, 82, 19, 16
14, 17, 116, 430, 70
57, 6, 17, 213, 13, 2, 3, 32, 29
23, 11, 189, 24, 5, 88, 3
864, 13, 3431, 685, 242, 5877, 1831, 35, 107
11, 16, 49, 19, 205, 82, 90
28, 41, 13, 3, 3
250, 50, 34, 20, 129, 6
403, 71, 404, 16, 16, 149, 8, 171
51, 124, 76, 35, 239, 25, 4
205, 19, 82, 49, 11, 16, 90
250, 20, 34, 6, 50, 129
22, 850, 151, 44, 409, 2, 104, 1047
151, 2, 1047, 22, 409, 850, 44, 104
129, 7, 132, 6, 46, 10, 600, 2129, 523
19, 42, 5, 56, 56
76, 239, 124, 51, 25, 35, 4
28, 13, 3, 3, 41
19, 5, 56, 56, 42
122, 8, 12, 19, 804, 288, 35, 1741
842, 413, 32, 477, 47, 13, 122
19, 185, 59, 55, 25, 370, 216
11, 24, 23, 88, 189, 5, 3
150, 17, 3, 5, 151, 108, 25
1, 21, 100, 71, 48, 19
14, 17, 430, 116, 70
49, 19, 82, 11, 90, 205, 16
36, 27, 635, 15, 1354, 1, 1, 49, 244
35, 5, 103, 19, 65
1617, 139, 451, 1217, 52, 5810, 16, 12
,,,,
51, 4, 239, 124, 76, 35, 25
25, 124, 4, 76, 239, 51, 35
145, 1551, 426, 305, 1992, 6, 14, 59
13, 1, 2, 35, 68
62, 341, 24, 11, 1024, 2109, 178
70, 17, 116, 14, 430
239, 4, 76, 25, 35, 124, 51
15, 113, 35, 3, 39
451, 1617, 52, 12, 139, 1217, 16, 5810
13, 28, 3, 3, 41
71, 19, 100, 1, 48, 21
56, 56, 5, 19, 42
1, 13, 2, 35, 68
46, 129, 10, 523, 600, 2129, 132, 7, 6
41, 28, 13, 3, 3
A, B, C
2, 36, 17, 68, 21, 32
36, 27, 244, 49, 1, 1, 1354, 15, 635
15, 35, 113, 3, 39
122, 19, 288, 12, 1741, 8, 35, 804
70, 116, 14, 430, 17
2, 213, 13, 32, 57, 6, 17, 3, 29
70, 116, 17, 430, 14
32, 68, 36, 17, 21, 2
216, 185, 59, 370, 19, 55, 25
23, 3, 189, 88, 24, 11, 5
47, 13, 842, 32, 122, 477, 413
21, 17, 32, 68, 36, 2
16, 19, 49, 11, 82, 205, 90
8, 35, 804, 288, 12, 122, 1741, 19
1551, 14, 59, 6, 1992, 305, 426, 145
1, 71, 48, 19, 21, 100
47, 842, 413, 477, 32, 122, 13
370, 59, 55, 185, 216, 25, 19
685, 864, 3431, 35, 242, 107, 1831, 5877, 13
17, 2, 68, 21, 32, 36
24, 178, 1024, 11, 341, 2109, 62
13, 41, 28, 3, 3
24, 5, 3, 189, 23, 11, 88
59, 216, 370, 19, 185, 55, 25
56, 56, 19, 5, 42
430, 14, 70, 116, 17
8, 122, 1741, 804, 288, 35, 19, 12
113, 35, 3, 39, 15
25, 124, 76, 239, 51, 35, 4
205, 82, 49, 16, 11, 90, 19
71, 100, 21, 48, 19, 1
17, 2, 32, 36, 68, 21
13, 3, 3, 28, 41
1217, 52, 139, 16, 5810, 451, 1617, 12
32, 3, 57, 13, 2, 6, 17, 29, 213
57, 32, 3, 6, 13, 29, 213, 2, 17
21, 19, 48, 100, 1, 71
16, 1617, 1217, 451, 139, 12, 5810, 52
48, 71, 100, 1, 19, 21
19, 100, 48, 71, 1, 21
16, 205, 82, 11, 19, 49, 90
1992, 426, 14, 6, 59, 145, 305, 1551
71, 1, 21, 100, 19, 48
1, 1, 36, 15, 244, 49, 635, 1354, 27
19, 103, 65, 35, 5
24, 178, 341, 11, 62, 1024, 2109
49, 1354, 244, 1, 1, 27, 15, 635, 36
6, 46, 132, 600, 129, 523, 2129, 7, 10
11, 1024, 178, 62, 24, 2109, 341
189, 5, 24, 11, 3, 88, 23
5, 42, 19, 56, 56
28, 13, 3, 3, 41
523, 132, 10, 6, 46, 7, 2129, 129, 600
2109, 1024, 24, 178, 62, 11, 341
426, 14, 59, 305, 1992, 1551, 145, 6
19, 21, 1, 100, 48, 71
5, 19, 56, 56, 42
15, 113, 39, 3, 35
48, 1, 19, 100, 71, 21
404, 403, 149, 71, 171, 16, 16, 8
150, 17, 3, 151, 5, 108, 25
12, 52, 1217, 5810, 16, 451, 1617, 139
151, 44, 22, 104, 409, 850, 1047, 2
32, 122, 477, 13, 47, 413, 842
32, 57, 13, 6, 17, 2, 3, 29, 213
1, 1, 49, 1354, 27, 36, 15, 635, 244
1024, 2109, 62, 178, 24, 11, 341
49, 635, 36, 27, 1354, 15, 1, 1, 244
23, 88, 11, 189, 3, 24, 5
16, 11, 82, 90, 19, 49, 205
32, 2, 21, 36, 68, 17
13, 122, 413, 842, 477, 47, 32
35, 2, 1, 13, 68
122, 47, 477, 32, 413, 13, 842
100, 1, 19, 71, 48, 21
451, 52, 16, 12, 1617, 1217, 5810, 139
19, 42, 56, 56, 5
6, 1992, 426, 1551, 14, 59, 305, 145
842, 13, 477, 122, 413, 32, 47
16, 16, 403, 149, 171, 8, 404, 71
5, 150, 17, 3, 25, 108, 151
41, 28, 13, 3, 3
25, 239, 51, 4, 35, 76, 124
49, 90, 16, 19, 82, 205, 11
2, 32, 68, 17, 21, 36
151, 25, 3, 150, 17, 108, 5
15, 39, 35, 3, 113
19, 100, 48, 1, 71, 21
3, 35, 15, 39, 113
1217, 1617, 12, 52, 139, 16, 451, 5810
39, 15, 3, 113, 35
24, 3, 88, 23, 189, 11, 5
22, 44, 151, 409, 1047, 2, 104, 850
341, 24, 178, 2109, 1024, 62, 11
14, 17, 430, 70, 116
104, 2, 1047, 22, 151, 850, 44, 409
122, 413, 47, 842, 477, 32, 13
90, 11, 19, 16, 82, 49, 205
2, 22, 850, 44, 409, 151, 104, 1047
6, 50, 34, 129, 250, 20
6, 10, 2129, 600, 523, 129, 7, 46, 132
132, 6, 600, 10, 7, 523, 46, 129, 2129
8, 171, 16, 16, 403, 71, 404, 149
65, 103, 35, 5, 19
55, 185, 59, 25, 370, 216, 19
2, 13, 35, 68, 1
13, 1, 2, 35, 68
12, 52, 1217, 16, 451, 1617, 139, 5810
100, 1, 71, 19, 48, 21
409, 2, 104, 850, 151, 22, 44, 1047
47, 122, 477, 32, 13, 413, 842
21, 19, 1, 100, 48, 71
129, 34, 250, 6, 50, 20
244, 15, 49, 635, 1354, 36, 1, 1, 27
82, 16, 90, 11, 49, 205, 19
13, 35, 2, 68, 1
2, 68, 36, 32, 21, 17
3, 35, 15, 113, 39
8, 149, 71, 404, 16, 16, 171, 403
23, 24, 189, 11, 5, 88, 3
13, 2, 35, 68, 1
17, 29, 6, 2, 213, 57, 3, 32, 13
24, 189, 11, 88, 3, 5, 23
103, 35, 5, 65, 19
88, 23, 3, 24, 11, 5, 189
216, 370, 59, 25, 19, 55, 185
1, 48, 100, 71, 19, 21
32, 21, 68, 17, 36, 2
370, 25, 55, 185, 59, 19, 216
32, 21, 2, 36, 17, 68
---
48, 71, 1, 100, 21, 19
71, 100, 48, 21, 19, 1
35, 103, 65, 5, 19
104, 409, 22, 1047, 151, 2, 44, 850
13, 842, 47, 122, 477, 32, 413
116, 430, 17, 70, 14
25, 108, 17, 151, 5, 3, 150
3, 24, 11, 88, 189, 23, 5
36, 17, 32, 21, 2, 68
17, 13, 213, 32, 57, 2, 6, 3, 29
16, 90, 205, 82, 19, 11, 49
244, 635, 36, 27, 1354, 49, 15, 1, 1
430, 116, 14, 70, 17
13, 68, 35, 2, 1
44, 850, 22, 409, 151, 2, 1047, 104
1741, 288, 804, 35, 122, 19, 8, 12
403, 171, 71, 404, 8, 16, 16, 149
48, 19, 21, 100, 1, 71
16, 1617, 5810, 139, 52, 1217, 12, 451
29, 13, 32, 3, 6, 2, 213, 57, 17
13, 477, 842, 413, 32, 47, 122
205, 90, 19, 11, 16, 49, 82
107, 685, 5877, 1831, 242, 864, 35, 3431, 13
12, 1617, 16, 139, 52, 5810, 451, 1217
35, 2, 68, 13, 1
36, 1354, 27, 635, 1, 1, 49, 244, 15
1617, 52, 139, 12, 451, 1217, 16, 5810
28, 13, 41, 3, 3
1617, 52, 451, 1217, 139, 12, 5810, 16
1, 13, 68, 2, 35
635, 27, 15, 244, 1, 1, 36, 49, 1354
35, 15, 39, 3, 113
1354, 49, 1, 1, 244, 15, 27, 36, 635
113, 35, 39, 15, 3
113, 39, 35, 15, 3
1, 1, 1354, 49, 27, 15, 36, 244, 635
11, 3, 23, 24, 189, 88, 5
370, 25, 185, 59, 216, 55, 19
44, 850, 409, 1047, 151, 22, 2, 104
685, 242, 13, 107, 864, 3431, 1831, 35, 5877
178, 24, 2109, 341, 62, 11, 1024
213, 29, 2, 57, 13, 6, 17, 32, 3
71, 403, 171, 404, 16, 16, 149, 8
10, 2129, 46, 129, 132, 523, 600, 7, 6
13, 41, 3, 3, 28
90, 16, 205, 19, 11, 82, 49
27, 1, 1, 36, 15, 635, 244, 1354, 49
15, 635, 244, 36, 49, 27, 1, 1, 1354
19, 21, 48, 100, 71, 1
1617, 5810, 52, 12, 16, 1217, 451, 139
244, 27, 36, 1, 1, 49, 1354, 635, 15
16, 52, 451, 139, 1617, 1217, 5810, 12
2129, 6, 600, 129, 10, 7, 132, 46, 523
35, 39, 113, 15, 3
57, 17, 3, 32, 29, 213, 2, 13, 6
51, 76, 35, 239, 4, 124, 25
404, 403, 71, 8, 171, 16, 16, 149
6, 50, 129, 20, 250, 34
4, 239, 35, 51, 25, 124, 76
11, 5, 88, 3, 23, 189, 24
32, 21, 17, 36, 2, 68
56, 56, 19, 42, 5
25, 150, 5, 17, 108, 3, 151
13, 1, 2, 35, 68
1354, 635, 15, 244, 36, 27, 49, 1, 1
35, 103, 5, 65, 19
185, 25, 55, 59, 370, 216, 19
239, 4, 124, 51, 35, 25, 76
2129, 6, 600, 10, 129, 523, 7, 46, 132
1, 68, 2, 13, 35
42, 56, 56, 19, 5
5, 17, 25, 3, 150, 108, 151
15, 27, 635, 1354, 36, 1, 1, 49, 244
19, 5, 103, 65, 35
107, 1831, 685, 35, 3431, 242, 13, 864, 5877
3, 3, 28, 13, 41
22, 2, 850, 151, 44, 104, 409, 1047
24, 5, 23, 88, 189, 3, 11
16, 19, 205, 82, 90, 49, 11
13, 28, 3, 3, 41
150, 151, 3, 17, 25, 108, 5
50, 20, 6, 250, 129, 34
1551, 426, 305, 145, 6, 59, 1992, 14
3, 189, 24, 5, 11, 23, 88
216, 55, 59, 19, 370, 25, 185
90, 19, 82, 16, 11, 205, 49
239, 124, 25, 51, 76, 4, 35
3431, 5877, 242, 685, 1831, 864, 107, 13, 35
44, 151, 2, 22, 850, 104, 409, 1047
70, 430, 14, 17, 116
22, 2, 409, 44, 151, 850, 1047, 104
129, 7, 10, 600, 6, 523, 2129, 46, 132
32, 2, 17, 21, 36, 68
35, 68, 13, 2, 1
71, 403, 171, 8, 16, 16, 404, 149
13, 842, 477, 47, 32, 122, 413
44, 2, 409, 151, 22, 1047, 850, 104
1, 1, 15, 635, 36, 244, 27, 49, 1354
3, 6, 17, 213, 13, 57, 2, 32, 29
12, 19, 1741, 122, 8, 804, 288, 35
3, 88, 11, 5, 189, 24, 23
113, 15, 35, 39, 3
139, 16, 451, 5810, 12, 1617, 52, 1217
600, 10, 132, 46, 6, 129, 2129, 523, 7
3, 113, 39, 35, 15
23, 11, 189, 88, 24, 5, 3
47, 13, 842, 477, 32, 122, 413
28, 3, 3, 41, 13
205, 49, 82, 19, 90, 16, 11
17, 116, 70, 430, 14
5, 19, 42, 56, 56
122, 842, 47, 413, 13, 32, 477
2, 21, 36, 68, 32, 17
16, 49, 205, 11, 19, 82, 90
36, 17, 32, 21, 2, 68
12, 52, 16, 1617, 451, 1217, 139, 5810
3, 25, 17, 5, 151, 108, 150
28, 41, 3, 3, 13
19, 288, 1741, 8, 12, 122, 35, 804
239, 51, 35, 4, 76, 124, 25
55, 216, 185, 59, 19, 370, 25
139, 451, 1617, 16, 5810, 52, 1217, 12
1, 1, 244, 36, 1354, 635, 27, 49, 15
5, 42, 56, 56, 19
122, 13, 413, 477, 842, 32, 47
35, 2, 13, 68, 1
8, 403, 149, 71, 16, 16, 171, 404
205, 16, 82, 90, 19, 49, 11
2, 68, 36, 32, 17, 21
49, 205, 90, 16, 19, 11, 82
19, 56, 56, 5, 42
1, 13, 2, 35, 68
129, 6, 50, 250, 20, 34
1, 13, 68, 35, 2
151, 1047, 104, 409, 22, 2, 850, 44
19, 100, 71, 21, 1, 48
5, 65, 19, 103, 35
113, 3, 15, 35, 39
1, 13, 68, 2, 35
3, 113, 35, 15, 39
129, 46, 600, 523, 2129, 6, 7, 10, 132
850, 1047, 44, 2, 104, 151, 22, 409
This line should be ignored because it's not valid
189, 24, 5, 88, 23, 3, 11
39, 15, 113, 3, 35
685, 107, 13, 242, 5877, 3431, 1831, 35, 864
17, 116, 430, 14, 70
39, 3, 113, 15, 35
3, 15, 39, 113, 35
404, 149, 16, 16, 71, 8, 403, 171
32, 122, 47, 413, 842, 13, 477
6, 34, 129, 250, 50, 20
2, 1047, 409, 44, 850, 151, 22, 104
17, 116, 430, 14, 70
32, 2, 68, 21, 17, 36
13, 35, 2, 1, 68
305, 1992, 1551, 14, 6, 426, 145, 59
17, 2, 36, 32, 68, 21
477, 842, 47, 13, 413, 122, 32
5, 23, 11, 88, 3, 24, 189
5, 3, 17, 150, 108, 25, 151
52, 16, 12, 1617, 451, 5810, 1217, 139
409, 22, 850, 1047, 2, 104, 44, 151
44, 1047, 409, 104, 2, 850, 151, 22
477, 413, 47, 32, 122, 13, 842
5, 3, 11, 23, 24, 189, 88
8, 19, 35, 1741, 12, 288, 122, 804
68, 17, 36, 2, 21, 32
1, 2, 35, 68, 13
477, 413, 47, 32, 842, 122, 13
6, 250, 50, 129, 34, 20
5810, 139, 451, 16, 1617, 52, 1217, 12
1, 68, 35, 13, 2
47, 32, 13, 842, 122, 413, 477
,
5, 19, 42, 56, 56
132, 6, 7, 10, 523, 46, 2129, 129, 600
25, 150, 5, 108, 151, 3, 17
23, 3, 88, 24, 11, 189, 5
32, 29, 2, 17, 57, 3, 13, 6, 213
250, 6, 129, 34, 50, 20
16, 1617, 12, 139, 52, 5810, 1217, 451
104, 409, 151, 22, 44, 1047, 2, 850
17, 108, 151, 150, 5, 25, 3
3, 113, 35, 15, 39
50, 129, 20, 34, 250, 6
15, 113, 39, 3, 35
34, 129, 50, 250, 20, 6
108, 150, 17, 151, 5, 3, 25
239, 76, 25, 4, 124, 51, 35
50 41 87 95
16, 16, 404, 171, 71, 8, 149, 403
104, 151, 1047, 409, 850, 2, 44, 22
32, 47, 13, 122, 413, 842, 477
15, 1354, 36, 635, 1, 1, 49, 27, 244
68, 1, 35, 13, 2
171, 403, 404, 8, 71, 149, 16, 16
244, 1, 1, 15, 635, 36, 49, 1354, 27
3431, 107, 1831, 685, 13, 5877, 35, 242, 864
16, 16, 149, 403, 404, 171, 8, 71
24, 88, 5, 23, 189, 11, 3
41, 13, 3, 3, 28
17, 3, 2, 6, 29, 57, 213, 13, 32
8, 149, 71, 403, 171, 404, 16, 16
15, 113, 35, 3, 39
90, 82, 11, 205, 49, 16, 19
403, 171, 71, 8, 404, 149, 16, 16
21, 1, 19, 48, 71, 100
23, 11, 5, 24, 3, 88, 189
19, 42, 5, 56, 56
5, 65, 103, 19, 35
107, 35, 13, 864, 685, 1831, 5877, 3431, 242
17, 21, 36, 2, 68, 32
523, 7, 46, 2129, 129, 132, 6, 10, 600
41, 13, 28, 3, 3
2, 68, 35, 13, 1
124, 51, 239, 25, 4, 76, 35
11, 24, 3, 189, 23, 5, 88
82, 49, 205, 11, 90, 19, 16
42, 19, 5, 56, 56
150, 25, 3, 5, 151, 108, 17
56, 56, 19, 42, 5
59, 19, 25, 185, 370, 216, 55
11, 24, 2109, 1024, 62, 341, 178
451, 1617, 12, 5810, 52, 16, 1217, 139
56, 56, 42, 19, 5
15, 39, 35, 3, 113
19, 370, 185, 25, 216, 55, 59
19, 100, 71, 48, 1, 21
403, 149, 8, 404, 171, 16, 16, 71
216, 59, 55, 370, 185, 19, 25
6, 34, 20, 50, 250, 129
25, 55, 19, 185, 59, 370, 216
13, 28, 41, 3, 3
41, 28, 13, 3, 3
3, 3, 41, 28, 13
17, 70, 430, 116, 14
82, 49, 16, 11, 205, 90, 19
35, 13, 1, 2, 68
213, 13, 2, 57, 6, 32, 17, 29, 3
185, 216, 370, 59, 19, 55, 25
6, 2129, 10, 7, 129, 46, 600, 523, 132
104, 850, 2, 409, 1047, 22, 44, 151
32, 17, 213, 3, 2, 29, 57, 6, 13
11, 16, 82, 90, 49, 19, 205
189, 3, 11, 24, 23, 88, 5
3, 3, 28, 13, 41
28, 13, 3, 3, 41
1, 1, 27, 15, 244, 635, 1354, 49, 36
635, 15, 1354, 27, 1, 1, 49, 244, 36
5, 103, 19, 35, 65
44, 850, 104, 409, 151, 1047, 22, 2
68, 35, 2, 1, 13
185, 216, 370, 55, 19, 25, 59
2, 21, 32, 68, 17, 36
29, 2, 57, 213, 3, 6, 17, 32, 13
305, 426, 1992, 145, 1551, 14, 6, 59
29, 3, 17, 6, 2, 213, 32, 13, 57
13, 5877, 3431, 242, 685, 35, 1831, 864, 107
59, 14, 1551, 426, 6, 1992, 145, 305
1551, 6, 426, 145, 14, 59, 305, 1992
3, 23, 5, 24, 88, 189, 11
1, 1, 1354, 635, 15, 36, 49, 244, 27
11, 16, 49, 82, 19, 90, 205
635, 49, 1, 1, 15, 1354, 244, 27, 36
6, 129, 523, 2129, 46, 7, 10, 132, 600
59, 19, 185, 216, 25, 370, 55
107, 1831, 5877, 3431, 35, 864, 242, 685, 13
635, 27, 36, 15, 1, 1, 49, 1354, 244
5, 19, 56, 56, 42
35, 288, 804, 19, 8, 122, 1741, 12
57, 2, 29, 3, 17, 32, 213, 6, 13
90, 49, 82, 11, 19, 205, 16
36, 244, 49, 1354, 27, 635, 1, 1, 15
477, 413, 13, 32, 47, 842, 122
1047, 850, 44, 2, 151, 409, 22, 104
1047, 151, 104, 22, 850, 2, 409, 44
288, 12, 1741, 8, 122, 35, 19, 804
71, 171, 403, 404, 149, 8, 16, 16
41, 3, 3, 28, 13
11, 19, 82, 205, 16, 49, 90
21, 100, 19, 48, 71, 1
19, 35, 5, 103, 65
17, 3, 150, 5, 25, 151, 108
41, 3, 3, 13, 28
28, 3, 3, 41, 13
42, 56, 56, 19, 5
103, 35, 65, 5, 19
14, 430, 17, 70, 116
1831, 5877, 13, 3431, 107, 35, 864, 685, 242
55, 216, 25, 370, 185, 19, 59
19, 59, 55, 370, 216, 25, 185
17, 151, 3, 108, 25, 5, 150
1217, 1617, 139, 16, 5810, 52, 12, 451
430, 70, 116, 17, 14
189, 11, 88, 24, 3, 5, 23
16, 139, 12, 1617, 5810, 1217, 451, 52
1, 2, 35, 13, 68
124, 51, 4, 239, 76, 35, 25
11, 5, 3, 88, 23, 24, 189
1, 71, 48, 100, 19, 21
850, 151, 409, 1047, 44, 2, 104, 22
35, 25, 51, 239, 124, 4, 76
16, 16, 171, 403, 404, 8, 71, 149
71, 16, 16, 404, 171, 403, 149, 8
145, 14, 6, 1551, 1992, 305, 426, 59
23, 11, 3, 5, 24, 189, 88
